0.3545985590
0.1912648155
0.1148794058
0.2915404614
0.1301745737
0.9037171006
0.9529044824
0.3351522350
0.5143773325
0.2869556346
0.3644292809
0.6875745067
0.6895520337
-0.0836611697
-0.1853308086
0.3387339703
0.4309055755
0.4120833894
0.2568033804
-0.5302327168
-0.1685009705
0.0347992491
-0.4222830072
-0.1246123508
-0.3111364331
0.0605785422
-0.0350947295
0.5596900943
0.0490084724
-0.0126290718
0.9879024898
0.5740585396
-0.0971068664
-0.5507831354
0.5224401264
0.1026426962
-0.2111444394
0.0619541735
-0.0750994672
-0.2826495253
-1.0000000000
-0.7981306411
-0.0483286642
0.2890515481
0.7752960582
0.8660395979
0.1405697770
0.2631235011
-0.2088360902
-0.3552813730
0.3545985590
0.1912648155
0.1148794058
0.2915404614
0.1301745737
0.9037171006
0.9529044824
0.3351522350
0.5143773325
0.2869556346
0.3644292809
0.6875745067
0.6895520337
-0.0836611697
-0.1853308086
0.3387339703
0.4309055755
0.4120833894
0.2568033804
-0.5302327168
-0.1685009705
0.0347992491
-0.4222830072
-0.1246123508
-0.3111364331
0.0605785422
-0.0350947295
0.5596900943
0.0490084724
-0.0126290718
0.9879024898
0.5740585396
-0.0971068664
-0.5507831354
0.5224401264
0.1026426962
-0.2111444394
0.0619541735
-0.0750994672
-0.2826495253
-1.0000000000
-0.7981306411
-0.0483286642
0.2890515481
0.7752960582
0.8660395979
0.1405697770
0.2631235011
-0.2088360902
-0.3552813730
0.3545985590
0.1912648155
0.1148794058
0.2915404614
0.1301745737
0.9037171006
0.9529044824
0.3351522350
0.5143773325
0.2869556346
0.3644292809
0.6875745067
0.6895520337
-0.0836611697
-0.1853308086
0.3387339703
0.4309055755
0.4120833894
0.2568033804
-0.5302327168
-0.1685009705
0.0347992491
-0.4222830072
-0.1246123508
-0.3111364331
0.0605785422
-0.0350947295
0.5596900943
0.0490084724
-0.0126290718
0.9879024898
0.5740585396
-0.0971068664
-0.5507831354
0.5224401264
0.1026426962
-0.2111444394
0.0619541735
-0.0750994672
-0.2826495253
-1.0000000000
-0.7981306411
-0.0483286642
0.2890515481
0.7752960582
0.8660395979
0.1405697770
0.2631235011
-0.2088360902
-0.3552813730
0.3545985590
0.1912648155
0.1148794058
0.2915404614
0.1301745737
0.9037171006
0.9529044824
0.3351522350
0.5143773325
0.2869556346
0.3644292809
0.6875745067
0.6895520337
-0.0836611697
-0.1853308086
0.3387339703
0.4309055755
0.4120833894
0.2568033804
-0.5302327168
-0.1685009705
0.0347992491
-0.4222830072
-0.1246123508
-0.3111364331
0.0605785422
-0.0350947295
0.5596900943
0.0490084724
-0.0126290718
0.9879024898
0.5740585396
-0.0971068664
-0.5507831354
0.5224401264
0.1026426962
-0.2111444394
0.0619541735
-0.0750994672
-0.2826495253
-1.0000000000
-0.7981306411
-0.0483286642
0.2890515481
0.7752960582
0.8660395979
0.1405697770
0.2631235011
-0.2088360902
-0.3552813730
0.3545985590
0.1912648155
0.1148794058
0.2915404614
0.1301745737
0.9037171006
0.9529044824
0.3351522350
0.5143773325
0.2869556346
0.3644292809
0.6875745067
0.6895520337
-0.0836611697
-0.1853308086
0.3387339703
0.4309055755
0.4120833894
0.2568033804
-0.5302327168
-0.1685009705
0.0347992491
-0.4222830072
-0.1246123508
-0.3111364331
0.0605785422
-0.0350947295
0.5596900943
0.0490084724
-0.0126290718
0.9879024898
0.5740585396
-0.0971068664
-0.5507831354
0.5224401264
0.1026426962
-0.2111444394
0.0619541735
-0.0750994672
-0.2826495253
-1.0000000000
-0.7981306411
-0.0483286642
0.2890515481
0.7752960582
0.8660395979
0.1405697770
0.2631235011
-0.2088360902
-0.3552813730
0.3545985590
0.1912648155
0.1148794058
0.2915404614
0.1301745737
0.9037171006
0.9529044824
0.3351522350
0.5143773325
0.2869556346
0.3644292809
0.6875745067
0.6895520337
-0.0836611697
-0.1853308086
0.3387339703
0.4309055755
0.4120833894
0.2568033804
-0.5302327168
-0.1685009705
0.0347992491
-0.4222830072
-0.1246123508
-0.3111364331
0.0605785422
-0.0350947295
0.5596900943
0.0490084724
-0.0126290718
0.9879024898
0.5740585396
-0.0971068664
-0.5507831354
0.5224401264
0.1026426962
-0.2111444394
0.0619541735
-0.0750994672
-0.2826495253
-1.0000000000
-0.7981306411
-0.0483286642
0.2890515481
0.7752960582
0.8660395979
0.1405697770
0.2631235011
-0.2088360902
-0.3552813730
0.3545985590
0.1912648155
0.1148794058
0.2915404614
0.1301745737
0.9037171006
0.9529044824
0.3351522350
0.5143773325
0.2869556346
0.3644292809
0.6875745067
0.6895520337
-0.0836611697
-0.1853308086
0.3387339703
0.4309055755
0.4120833894
0.2568033804
-0.5302327168
-0.1685009705
0.0347992491
-0.4222830072
-0.1246123508
-0.3111364331
0.0605785422
-0.0350947295
0.5596900943
0.0490084724
-0.0126290718
0.9879024898
0.5740585396
-0.0971068664
-0.5507831354
0.5224401264
0.1026426962
-0.2111444394
0.0619541735
-0.0750994672
-0.2826495253
-1.0000000000
-0.7981306411
-0.0483286642
0.2890515481
0.7752960582
0.8660395979
0.1405697770
0.2631235011
-0.2088360902
-0.3552813730
0.3545985590
0.1912648155
0.1148794058
0.2915404614
0.1301745737
0.9037171006
0.9529044824
0.3351522350
0.5143773325
0.2869556346
0.3644292809
0.6875745067
0.6895520337
-0.0836611697
-0.1853308086
0.3387339703
0.4309055755
0.4120833894
0.2568033804
-0.5302327168
-0.1685009705
0.0347992491
-0.4222830072
-0.1246123508
-0.3111364331
0.0605785422
-0.0350947295
0.5596900943
0.0490084724
-0.0126290718
0.9879024898
0.5740585396
-0.0971068664
-0.5507831354
0.5224401264
0.1026426962
-0.2111444394
0.0619541735
-0.0750994672
-0.2826495253
-1.0000000000
-0.7981306411
-0.0483286642
0.2890515481
0.7752960582
0.8660395979
0.1405697770
0.2631235011
-0.2088360902
-0.3552813730
0.3545985590
0.1912648155
0.1148794058
0.2915404614
0.1301745737
0.9037171006
0.9529044824
0.3351522350
0.5143773325
0.2869556346
0.3644292809
0.6875745067
0.6895520337
-0.0836611697
-0.1853308086
0.3387339703
0.4309055755
0.4120833894
0.2568033804
-0.5302327168
-0.1685009705
0.0347992491
-0.4222830072
-0.1246123508
-0.3111364331
0.0605785422
-0.0350947295
0.5596900943
0.0490084724
-0.0126290718
0.9879024898
0.5740585396
-0.0971068664
-0.5507831354
0.5224401264
0.1026426962
-0.2111444394
0.0619541735
-0.0750994672
-0.2826495253
-1.0000000000
-0.7981306411
-0.0483286642
0.2890515481
0.7752960582
0.8660395979
0.1405697770
0.2631235011
-0.2088360902
-0.3552813730
0.3545985590
0.1912648155
0.1148794058
0.2915404614
0.1301745737
0.9037171006
0.9529044824
0.3351522350
0.5143773325
0.2869556346
0.3644292809
0.6875745067
0.6895520337
-0.0836611697
-0.1853308086
0.3387339703
0.4309055755
0.4120833894
0.2568033804
-0.5302327168
-0.1685009705
0.0347992491
-0.4222830072
-0.1246123508
-0.3111364331
0.0605785422
-0.0350947295
0.5596900943
0.0490084724
-0.0126290718
0.9879024898
0.5740585396
-0.0971068664
-0.5507831354
0.5224401264
0.1026426962
-0.2111444394
0.0619541735
-0.0750994672
-0.2826495253
-1.0000000000
-0.7981306411
-0.0483286642
0.2890515481
0.7752960582
0.8660395979
0.1405697770
0.2631235011
-0.2088360902
-0.3552813730
